0 0.494703 0.283307 0.133226 0.136437
0 0.572552 0.400482 0.131621 0.113965
0 0.642376 0.509631 0.133226 0.123596
0 0.726645 0.618780 0.128411 0.126806
0 0.772392 0.747994 0.130016 0.134831
0 0.425682 0.391653 0.146067 0.138042
0 0.368700 0.512841 0.144462 0.133226
0 0.294864 0.627608 0.150883 0.138042
0 0.232263 0.744783 0.131621 0.131621
0 0.364687 0.738363 0.126806 0.134831
0 0.505939 0.756822 0.142857 0.117175
0 0.444141 0.630819 0.121990 0.134831
0 0.639968 0.752006 0.125201 0.136437
0 0.579775 0.621990 0.149278 0.130016
0 0.509952 0.511236 0.144462 0.126806