0 0.301106 0.439436 0.123894 0.155973
0 0.243031 0.580476 0.118363 0.175885
0 0.189381 0.730642 0.117257 0.170907
0 0.307190 0.730642 0.116150 0.174226
0 0.425000 0.436947 0.123894 0.157633
0 0.368584 0.582135 0.115044 0.169248
0 0.427212 0.730642 0.110619 0.174226
0 0.542257 0.724834 0.112832 0.182522
0 0.481969 0.579646 0.116150 0.170907
0 0.550553 0.432799 0.111726 0.189159
0 0.671128 0.431969 0.120575 0.184181
0 0.736947 0.568031 0.119469 0.170907
0 0.787279 0.724004 0.120575 0.157633
0 0.603650 0.584624 0.131637 0.174226
0 0.673341 0.724004 0.113938 0.177544