0 0.103650 0.237002 0.067478 0.099558
0 0.179978 0.238662 0.065265 0.096239
0 0.270133 0.227876 0.075221 0.101217
0 0.348673 0.225387 0.073009 0.116150
0 0.436062 0.235343 0.075221 0.099558
0 0.516261 0.229535 0.074115 0.097898
0 0.604757 0.225387 0.071903 0.106195
0 0.687721 0.226217 0.074115 0.107854
0 0.780642 0.220409 0.078540 0.112832
0 0.907854 0.312500 0.074115 0.091261
0 0.983518 0.301715 0.032964 0.096239
0 0.011283 0.309181 0.022124 0.111173
0 0.073230 0.334900 0.070796 0.099558
0 0.156748 0.328263 0.074115 0.099558
0 0.233628 0.327434 0.073009 0.107854
0 0.316593 0.320796 0.075221 0.104535
0 0.390708 0.323285 0.068584 0.102876
0 0.485288 0.324115 0.074115 0.111173
0 0.562168 0.322456 0.070796 0.097898
0 0.640708 0.324945 0.084071 0.089602
0 0.735841 0.321626 0.086283 0.099558
0 0.816040 0.329093 0.069690 0.101217
0 0.950996 0.397124 0.074115 0.094580
0 0.030531 0.406250 0.061062 0.092920
0 0.015044 0.500830 0.030088 0.092920
0 0.014491 0.593750 0.028982 0.086283
0 0.072677 0.496681 0.071903 0.094580
0 0.126881 0.419524 0.076327 0.096239
0 0.068252 0.590431 0.076327 0.092920
0 0.139049 0.590431 0.065265 0.086283
0 0.168363 0.505808 0.079646 0.102876
0 0.210398 0.595409 0.077434 0.102876
0 0.250221 0.514104 0.077434 0.109513
0 0.280642 0.419524 0.067478 0.116150
0 0.207080 0.414546 0.081858 0.099558
0 0.294469 0.593750 0.081858 0.092920
0 0.323783 0.513274 0.069690 0.091261
0 0.362500 0.421184 0.080752 0.109513
0 0.441593 0.412887 0.081858 0.109513
0 0.526217 0.421184 0.087389 0.112832
0 0.405642 0.509956 0.078540 0.101217
0 0.376881 0.593750 0.080752 0.102876
0 0.453761 0.592920 0.075221 0.107854
0 0.484181 0.504978 0.074115 0.091261
0 0.528982 0.594580 0.077434 0.101217
0 0.563827 0.507467 0.071903 0.099558
0 0.609181 0.602046 0.082965 0.096239
0 0.606969 0.414546 0.074115 0.099558
0 0.687168 0.408739 0.077434 0.097898
0 0.642367 0.502489 0.082965 0.089602
0 0.691040 0.602046 0.076327 0.099558
0 0.729204 0.508296 0.081858 0.101217
0 0.771792 0.417035 0.085177 0.104535
0 0.812168 0.504978 0.075221 0.107854
0 0.771239 0.600387 0.081858 0.099558
0 0.864712 0.397954 0.082965 0.112832
0 0.892920 0.500830 0.095133 0.102876
0 0.857522 0.595409 0.081858 0.102876
0 0.936615 0.587113 0.074115 0.106195
0 0.990708 0.584624 0.018584 0.101217
0 0.970796 0.489215 0.058407 0.096239